0
0
0
0
0
0
0
0
0
0
742
730
812
688
742
812
0
511
657
0
511
539
0
756
812
2012
2012
2012
2012
2012
2012
0
0
0
0
0
0
0
0
0
600
754
678
584
608
631
564
526
567
634
598
649
631
508
520
396
491
467
440
447
516
658
712
636
2012
2012
2012
2012
2012
2012
0
0
0
0
0
0
536
493
480
438
614
503
544
575
647
568
614
666
640
648
523
524
712
712
470
712
686
710
617
670
549
618
503
468
562
660
534
650
543
628
529
588
710
575
627
532
544
517
690
0
634
614
565
712
2012
2012
2012
2012
2012
2012
2012
2012
2012
2012
2012
2012
0
0
0
0
0
0
0
0
0
0
0
566
714
0
280
523
712
243
536
634
235
621
712
712
667
561
521
714
621
585
515
606
712
712
712
712
620
553
546
533
608
633
540
474
676
620
712
539
511
599
461
511
418
491
424
307
530
628
676
2012
2012
2012
2012
2012
2012
2012
2012
2012
2012
2012
2012
0
0
0
0
0
0
0
0
0
0
0
0
768
812
559
777
690
804
631
625
629
672
551
651
737
639
763
812
812
812
812
595
616
498
561
574
658
770
561
2012
2012
2012
2012
2012
2012
2012
2012
2012
0
0
0
0
0
0
1589
1094
1608
1798
1889
1596
1250
2004
0
1685
2054
1800
1529
1185
0
1785
1502
1423
1356
1413
1358
409
432
440
519
479
333
445
409
412
540
596
650
624
0
461
597
450
443
380
421
385
361
547
404
497
402
387
180
371
480
511
455
385
677
259
282
375
332
365
452
256
317
391
463
337
314
336
319
307
276
263
312
406
273
376
325
320
294
310
370
345
427
413
300
431
321
393
290
365
346
317
305
364
267
263
347
325
394
272
324
229
257
311
282
315
300
299
343
338
291
310
292
368
385
407
264
356
381
416
382
402
335
0
0
0
0
826
501
662
1585
282
480
600
968
643
272
2283
1672
3176
518
1189
478
1593
476
519
1322
813
1086
0
0
0
0
0
789
788
487
781
745
1356
766
379
1026
986
512
393
569
992
684
947
342
673
768
639
629
0
0
597
609
720
628
521
1026
311
746
311
1199
866
0
0
0
0
0
524
789
942
677
328
681
685
787
204
828
714
669
507
925
990
972
1011
893
818
629
588
976
564
802
950
865
361
959
1043
769
800
764
655
575
698
910
814
768
909
627
746
731
735
370
730
1066
780
476
773
946
812
394
554
388
389
485
367
330
410
485
358
421
622
458
493
312
265
367
300
300
300
300
300
300
300
300
300
300
300
300
300
300
300
300
300
