0
0
0
0
0
0
0
0
0
0
150
182
255
202
194
275
0
263
223
0
246
232
0
281
190
171
173
180
303
193
241
0
0
0
0
0
0
0
0
0
170
217
229
226
182
316
202
211
229
182
194
219
164
199
240
164
147
159
180
221
185
198
216
206
0
0
0
0
0
0
0
0
0
0
0
0
226
230
146
132
217
131
166
190
158
168
145
131
156
266
203
216
229
255
151
216
216
198
190
197
197
177
177
116
151
177
148
147
145
180
138
171
172
229
223
204
204
184
198
0
347
200
213
229
0
0
0
0
0
0
0
0
0
0
0
0
0
0
0
0
0
0
0
0
0
0
0
164
185
0
42
184
210
66
158
210
122
184
216
191
210
281
208
243
184
266
173
227
234
234
278
301
234
209
246
191
246
222
216
192
222
203
240
233
209
202
226
143
242
142
136
161
126
216
366
0
0
0
0
0
0
0
0
0
0
0
0
0
0
0
0
0
0
0
0
0
0
0
0
162
221
195
253
226
217
253
222
176
280
211
211
239
176
239
239
274
239
225
204
204
169
239
232
218
246
155
0
0
0
0
0
0
0
0
0
0
0
0
0
0
0
339
268
355
345
409
418
289
490
0
415
457
357
308
317
0
385
266
286
264
297
287
225
233
207
267
287
195
243
212
235
211
235
321
334
0
291
306
335
276
221
227
219
202
294
184
295
205
216
139
167
268
299
252
212
323
195
226
242
218
244
315
185
244
288
303
240
206
235
200
202
176
162
245
344
193
313
244
238
210
234
296
260
353
319
200
317
256
279
215
277
249
242
208
264
153
166
304
265
291
201
234
167
197
226
217
207
209
216
266
244
221
228
271
254
316
299
191
278
275
348
290
332
296
0
0
0
0
287
170
224
232
112
146
190
295
229
209
214
290
279
278
378
215
272
292
222
274
310
296
0
0
0
0
0
210
208
271
228
379
345
494
208
377
344
304
211
242
382
236
512
293
229
267
168
128
0
0
202
305
202
207
150
317
225
248
177
241
285
0
0
0
0
0
252
230
193
209
223
404
299
425
142
405
270
342
252
393
339
452
422
334
222
233
245
219
270
275
370
332
208
249
292
281
439
306
326
279
362
495
755
362
545
281
358
296
252
243
232
477
349
315
263
368
278
277
416
349
300
341
300
240
388
420
280
380
588
399
400
300
217
366
300
300
300
300
300
300
300
300
300
300
300
300
300
300
300
300
300
